0101110001011000111000101011101100100010100010101110001010110010101110111011101000010010101100101100001010101010110010110000001010001011000000110000100101001011101110011110001100100010110010101000100101001011101010010111001010101010101100101001101010001011101110110000101100000010100100101000101010011010100000110001001010001010111000101011001010111011001010101100001010110011000010101000001011001011000000101001001110111010111110101001101010110010110000111011101100000011111010101000101100000010100110101100001011100010101110110010001010001010111000101011001010111
0110001001011001011001000101001001010010011101110101110101010000010110000110010001010111011001010101001101100100011000100110000001100101011001000101011101010111010111000101110101011100010110010110010001010001010111000101011001010111001011110010111001001011
0111011101110111011101110111011101100001011000000101111101110111011001010110010101011100010101110101110001010001011001010110010100101111010100100110000001011001010111110010111001001011
0111011101110111011101110111011101110111011101110111011101110111010110100101110001011001010110010110010101010010011111100101110001010001011000100101110101110111010010000111011100110000010100110101000001100000
011101110111011101110111011101110111011101110111011101110111011101011101010100000101100001100100010101110110010101011010010111000101100101011001011001010101100101011100010100100101000101110111010010000111011101011110011000000101000101100101010111010101000001011000011001000101011101010010001011110010111101010110010101010110000001010111001011110111010101100100010101110101011101011100010111010101110001011001011001000101000101011100010101100101011101100101010110010101110001010010010100010010100101111101011101010010111000101001010100110110000001100100011000010101100101011100010101110110000001010010001011110010111000101110
0111011101110111011101110111011101110111011101110111011101110111010100100110000001011001010111110010100101100000011111010110000001100010010100000101000101100000011001010110010001010111010101110101110001011101010111000101100101100100010100010101110001010110010101110010111101010010011000000101100101011111001010010110000101100000011111110101110001100010011000000110010101010001011111000101010101100000001010110111011101011101010100000101100001100100010101110110010101011010010111000101100101011001011001010101100101011100010100100101000100101110
0111011101110111011101110111011101100001011000000101111101110111011000000111110101100000011000100101000001010001011000000110010101100100010101110101011101011100010111010101110001011001011001000101000101011100010101100101011100101111011000010110000001111111010111000110001001100000011001010101000101111100010101010110000000101011011101110101110101010000010110000110010001010111011001010101101001011100010110010101100101100101010110010101110001010010010100010010111001001011
01110111011101110111011101110111011101110111011101110111011101110101110001011111011101110110000101100000011111110101110001100010011000000110010101010001011111000101010101100000011101110100100001001000011101110111010101100011011001000101000101010001010110010110000001100001010100110101011001011100011000010111010101001011
01110111011101110111011101110111011101110111011101110111011101110111011101110111011101110111011101100100011000100101000101011100011111110110010001010001011000000110010101011001011001000101001001100000010100110010111101011101010100000101100001100100010101110110010101011010010111000101100101011001011001010101100101011100010100100101000100101110
01110111011101110111011101110111011101110111011101110111011101110110000001011001010111000101111101110111011000010110000001111111010111000110001001100000011001010101000101111100010101010110000001110111010010000100100001110111011101010101001101100000010111110101001101011100010111100110000001010011011001000101000101010110010100110111010101001011
01110111011101110111011101110111011101110111011101110111011101110111011101110111011101110111011101011000011001000101101001100000011001010101110101010000010110000110010001010111011001010101110001100010011000000110010101100010010100110110000001100100010110000010111101011101010100000101100001100100010101110110010101011010010111000101100101011001011001010101100101011100010100100101000100101110
011101110111011101110111011101110111011101110111011101110111011101100000010110010101110001011111011101110110000101100000011111110101110001100010011000000110010101010001011111000101010101100000011101110100100001001000011101110111010101010010010110000110010001010011010100010110010101100011011001000110001001011010010111010101011001100000011001010101100101010110011001000110000101100000010100110111010101001011
^00000000100111100100110110101000011101010111001101110
0111011101110111011101110111011101110111011101110111011101110111011101110111011101110111011101110110001101010000010100110111110001100101010101010110000001010110010101010101100101100000001011110111010101100100010110010101110001111111011000000111010100101110
011101110111011101110111011101110111011101110111011101110111011101100000010110010101110001011111011101110110000101100000011111110101110001100010011000000110010101010001011111000101010101100000011101110100100001001000011101110111010101010000010101110101100001100100010101110101011101100000011000010110010101100100011000000101001101011100011001000101100101100101011111110110000001011101010111000110001001011001011000000111010101001011
01110111011101110111011101110111011101110111011101110111011101110111011101110111011101110111011101100001010111000101001001010001010100110101110001100011010100000101000101100000011001010101010101010110010111000101001001010110010101110110000001100001011001010101111001100100010100100010111101011101010100000101100001100100010101110110010101011010010111000101100101011001011001010101100101011100010100100101000100101110
0111011101110111011101110111011101110111011101110111011101110111011000000101100101011100010111110111011101100001011000000111111101011100011000100110000001100101010100010111110001010101011000000111011101001000010010000111011101110101010100110101011001100011010101100101000101100101011000110101000001010001011000100101110101100000010100110111010101001011
01110111011101110111011101110111011101110111011101110111011101110111011101110111011101110111011101100010010111010101011001010101011001010101000001010101011001010110001001010000010100100101000101010110010110000110000001010011010100100010111101110101010100100110010001010001010111000101001101011001011001000111010100101110
011101110111011101110111011101110111011101110111011101110111011101100000010110010101110001011111011101110110000101100000011111110101110001100010011000000110010101010001011111000101010101100000011101110100100001001000011101110111010101010010010110000110010001010011010100010110010101011101010101100101100001100000011001010110010001010101010101010101100101011100011001000101011101100010011000000111010101001011
0111011101110111011101110111011101110111011101110111011101110111011101110111011101110111011101110110000001011001011000000110001001010001010100110101011001100010010100000101000101100000001011110101001001100000010110010101111100101001010101100111111001010111011000000101001100101110
011101110111011101110111011101110111011101110111011101110111011101100000010110010101110001011111011101110110000101100000011111110101110001100010011000000110010101010001011111000101010101100000011101110100100001001000011101110111010101100100010100000101000101010110010101110101011001011000010101100101000001010010011001010111111101100100010101010101011001010011010111000111101101100000010100110111010101001011
01110111011101110111011101110111011101110111011101110111011101110111011101110111011101110111011101111111011001000101010101010110010100110101110001111011011000000010111101011101010100000101100001100100010101110110010101011010010111000101100101011001011001010101100101011100010100100101000100101110
0111011101110111011101110111011101110111011101110111011101110111011000000101100101011100010111110111011101100001011000000111111101011100011000100110000001100101010100010111110001010101011000000111011101001000010010000111011101110101011001000101000001010001010101100101100001100100010100010110000001100001011001010101111101100100010100110101100001011100010101110101111001100101010110000110010001100010010111010101110001010111011000000111010101001011
011101110111011101110111011101110111011101110111011101110111011101110111011101110111011101110111010100010101000001010011010101110110010101011100010101110101000101010110011001010101011001010011010111100110010001010111010111000110001001100101010111110110000001010011010100010101110001011001010111000111101101100000010100110010111101011101010100000101100001100100010101110110010101011010010111000101100101011001011001010101100101011100010100100101000100101110
0111011101110111011101110111011101110111011101110111011101110111011000000101100101011100010111110111011101100001011000000111111101011100011000100110000001100101010100010111110001010101011000000111011101001000010010000111011101110101011001000101000001010001010101100101100001100100010100010110000001100001011001010111111001100000011001000101010101010110010101110101110001111011011000000110000101100101010110000110010001100010010111010101110001010111011000000111010101001011
011101110111011101110111011101110111011101110111011101110111011101110111011101110111011101110111010100010101001101100100010101110101001001011111010101100101001101011000011001010101110001010111010100010101011001100101011000010101011001010110010110000101001001100001011001000111110001100101010110000110010001100010010111010101110001010111011000000010111100101110
011101110111011101110111011101110111011101110111011101110111011101100000010110010101110001011111011101110110000101100000011111110101110001100010011000000110010101010001011111000101010101100000011101110100100001001000011101110111010101100001010100110101011001010111011000000111010101001011
0111011101110111011101110111011101110111011101110111011101110111011101110111011101110111011101110110001101010110010110000110001100101111010100100110000001011001010111110010100101011001011001000101000101011100010100010101000001100001011000000010101101110111010100100110000001011001010111110010100101011001010101100101011101011110010111000101000101010000011000010110000000101110
01110111011101110111011101110111011101110111011101110111011101110110000001011001010100100110000001001011
0111011101110111011101110111011101110111011101110111011101110111011101110111011101110111011101110101001001011001011001000101000001011110010111010101000101100000010100110110010101011000011000000101000101011101010101100110000101110111010010000111011101011110011000000101000101100101010100110110010001010111011000010101011001011000011001010110000101100000010100100101000101010011010100000110001001010001010111000101011001010111011001010101100001100000010100010101110101010110011000010010111100101110
01110111011101110111011101110111011101110111011101110111011101110111011101110111011101110111011101100000011111010110000001100010010100000101000101100000001011110101001001011001011001000101000001011110010111010101000101100000010100110110010101011000011000000101000101011101010101100110000100101110
0111011101110111011101110111011101100001011000000101111101110111010111100110000001010001011001010101110101010000010110000110010001010111010100100010111101010010010100010101001101011100010101110101111001100101010110010101110001010010010100010010111001001011
0111011101110111011101110111011101110111011101110111011101110111010111010101000001011000011001000101011101100101010110010101110001010010010100010111011101001000011101110110100101011101010100000101100001100100010101110101001001101001011111010110011101110111010111110101011001010011011101110111110101110111010111000101011101110111010100100101000101010011010111000101011101011110011001010101100101011100010100100101000101100111
01110111011101110111011101110111011101110111011101110111011101110101001101100000010100010101000001010011010101110111011101011101010100000101100001100100010101110110010101011001010111000101001001010001
0111011101110111011101110111011101100001011000000101111101110111011001000110001001010001010111000111111101100100010100010110000001100101010110010110010001010010011000000101001100101111010111010101000001011000011001000101011101100101010110010101110001010010010100010010111001001011
0111011101110111011101110111011101110111011101110111011101110111010111110101011001010011011101110101110101010000010110000110010001010111011101110101110001010111011101110101110101010000010110000110010001010111011001010101100101011100010100100101000101001011
01110111011101110111011101110111011101110111011101110111011101110111011101110111011101110111011101011111010100110111110001100101011000110111110001100101010110010110010001010010011000000101001100101111010111010101000001011000011001000101011100101110
010101010101001101011100010101110101000100101111011101010100001001010110010110000101100001100000010101110110001001011100010101110101111001110111001111000101000001011000011001000101011101110111010000000111110101010001011000000101001101011000010111000101011101100100010100010101110001010110010101110010100100101001001010010111010100101110
0101000101100100010100100101101001110111010010000111011101011101010100000101100001100100010101110110010101010011011001000110001001100000011001010110010001010111010101110101110001011101010111000101100101100100010100010101110001010110010101110010111100101110
01010101010100110101110001010111010100010010111101110101001111000101000001011000011001000101011101110111010000000111110101010001011000000101001101011000010